-169.90 97.86
-13.15 62.97
-59.54 93.77
-110.30 226.46
127.00 -95.25
-243.55 3.40
7.50 -205.97
66.74 -26.24
53.60 81.43
99.22 -57.79
-57.49 109.53
4.78 20.02
89.52 211.77
-7.22 75.69
-211.52 49.41
12.24 -138.52
-163.81 36.96
36.47 -14.07
149.77 16.20
-73.40 125.66
-29.65 133.57
-31.13 -241.26
33.85 -1.09
76.61 83.18
-130.78 -150.10
142.26 -44.84
-2.35 -8.25
275.87 -7.21
15.41 40.51
166.79 -83.16
-71.17 -18.88
-193.59 -74.80
-16.64 -241.55
150.44 214.45
96.67 -246.00
16.54 128.53
246.19 55.52
22.50 40.48
216.45 4.33
-42.81 6.46
-103.92 60.79
93.06 -31.18
12.51 34.67
49.91 -18.10
-152.42 110.49
-72.27 159.08
220.48 6.44
102.71 -105.40
-91.37 -189.79
-86.23 13.49
