196.07 -32.94
64.33 -13.58
111.08 -23.07
251.89 -37.29
158.75 -29.27
243.57 -36.71
206.11 -33.81
71.72 -15.47
97.48 -20.80
114.83 -23.64
123.70 -24.94
20.59 6.21
229.91 -35.70
76.03 -16.48
217.22 -34.72
139.06 -26.97
167.92 -30.25
39.08 -4.92
150.65 -28.36
145.52 -27.76
136.82 -26.69
243.26 -36.68
33.87 -2.43
113.09 -23.38
199.09 -33.20
149.16 -28.19
8.58 21.41
275.96 -38.88
43.34 -6.72
186.37 -32.06
73.64 -15.93
207.53 -33.93
242.13 -36.60
261.96 -37.97
264.31 -38.13
129.59 -25.74
252.37 -37.32
46.31 -7.87
216.49 -34.66
43.29 -6.70
120.39 -24.47
98.15 -20.92
36.86 -3.90
53.09 -10.24
188.25 -32.23
174.73 -30.94
220.58 -34.98
147.17 -27.96
210.64 -34.18
87.28 -18.88
