196.07 -54.55
64.33 -35.19
111.08 -44.68
251.89 -58.90
158.75 -50.88
243.57 -58.32
206.11 -55.41
71.72 -37.08
97.48 -42.41
114.83 -45.25
123.70 -46.55
20.59 -15.27
229.91 -57.31
76.03 -38.09
217.22 -56.33
139.06 -48.58
167.92 -51.86
39.08 -26.52
150.65 -49.97
145.52 -49.37
136.82 -48.30
243.26 -58.29
33.87 -24.03
113.09 -44.99
199.09 -54.81
149.16 -49.80
8.58 13.38
275.96 -60.48
43.34 -28.32
186.37 -53.67
73.64 -37.53
207.53 -55.53
242.13 -58.21
261.96 -59.58
264.31 -59.74
129.59 -47.35
252.37 -58.93
46.31 -29.47
216.49 -56.27
43.29 -28.30
120.39 -46.07
98.15 -42.53
36.86 -25.50
53.09 -31.85
188.25 -53.84
174.73 -52.55
220.58 -56.59
147.17 -49.56
210.64 -55.79
87.28 -40.49
