-114.46 167.45
71.49 77.37
118.36 -90.52
-68.96 56.68
141.17 92.95
-148.31 -114.48
-52.23 -157.75
73.96 158.13
-17.12 17.16
223.86 55.90
134.83 -163.86
-139.58 141.11
-211.60 69.08
-31.30 16.62
66.30 40.73
10.51 -12.47
282.63 3.11
120.48 -99.69
8.29 -12.47
44.52 -198.42
-198.44 -107.22
4.14 -1.59
-161.44 -29.68
82.84 -139.86
-112.47 133.45
-152.32 150.95
-30.06 56.08
28.59 -82.34
-98.21 -179.71
-47.00 120.66
185.90 -64.74
-45.25 189.22
81.95 69.82
172.31 -132.59
129.52 136.10
92.53 -19.52
50.13 19.44
37.42 -131.11
11.08 16.76
28.54 237.92
-1.41 30.38
-33.50 -12.11
-26.31 20.30
-103.36 76.61
-188.17 -86.78
101.62 -84.29
76.17 86.03
-7.00 -176.57
-152.46 -151.64
178.50 110.96
