202.83 -23.53
105.34 -12.15
149.00 -18.17
89.26 -9.27
169.02 -20.36
187.36 -22.15
166.17 -20.06
174.57 -20.92
24.24 13.38
230.74 -25.77
212.20 -24.31
198.48 -23.15
222.59 -25.14
35.43 6.78
77.81 -6.88
16.30 20.27
282.64 -29.29
156.38 -19.01
14.98 21.74
203.35 -23.57
225.55 -25.37
4.43 42.89
164.14 -19.85
162.55 -19.68
174.53 -20.92
214.44 -24.49
63.63 -3.39
87.17 -8.86
204.79 -23.69
129.49 -15.73
196.85 -23.01
194.56 -22.80
107.66 -12.52
217.42 -24.73
187.89 -22.20
94.56 -10.27
53.77 -0.46
136.34 -16.63
20.09 16.64
239.62 -26.42
30.42 9.43
35.62 6.69
33.24 7.89
128.65 -15.62
207.22 -23.90
132.03 -16.07
114.90 -13.66
176.71 -21.13
215.03 -24.54
210.18 -24.15
