202.83 -2.52
105.34 14.42
149.00 9.00
89.26 17.72
169.02 3.94
187.36 0.58
166.17 4.37
174.57 2.57
24.24 41.40
230.74 -0.68
212.20 -0.41
198.48 -1.83
222.59 -0.99
35.43 34.72
77.81 20.70
16.30 48.52
282.64 -1.86
156.38 7.88
14.98 49.99
203.35 0.85
225.55 -3.60
4.43 71.11
164.14 6.39
162.55 6.32
174.53 2.08
214.44 -4.53
63.63 24.05
87.17 18.82
204.79 -2.34
129.49 9.85
196.85 4.33
194.56 0.61
107.66 14.10
217.42 0.11
187.89 -0.05
94.56 17.88
53.77 27.57
136.34 9.95
20.09 44.77
239.62 -3.96
30.42 37.39
35.62 34.70
33.24 35.84
128.65 10.19
207.22 -0.47
132.03 11.38
114.90 12.54
176.71 3.85
215.03 -4.63
210.18 -2.09
